+---------------------+-----------+
|        tabla        |   filas   |
+---------------------+-----------+
| cliente             |    50,005 |
| error_importacion   |         3 |
| hotel               |       200 |
| importacion_datos   |        72 |
| paquete_hotel       |       282 |
| paquete_tour        |       227 |
| paquete_turistico   |       150 |
| preferencia_cliente |    50,005 |
| reserva             | 2,000,005 |
| reserva_habitacion  | 1,632,453 |
| reserva_tour        | 2,577,212 |
| tipo_habitacion     |       791 |
| tour                |       400 |
+---------------------+-----------+
(13 rows)

+------------------+-------------------+-----------------+----------------------+---------------+--------------+
| reservas_totales | suma_monto_total  | ticket_promedio | ingresos_confirmados | primera_fecha | ultima_fecha |
+------------------+-------------------+-----------------+----------------------+---------------+--------------+
|        2,000,005 | 16,709,495,659.28 |        8,354.73 |    13,425,538,311.48 | 2021-01-01    | 2026-12-31   |
+------------------+-------------------+-----------------+----------------------+---------------+--------------+
(1 row)

+------------+-----------+------------+-------------------+
|   estado   | reservas  | porcentaje |       monto       |
+------------+-----------+------------+-------------------+
| CONFIRMADA | 1,400,004 |      70.00 | 13,425,538,311.48 |
| CANCELADA  |   360,001 |      18.00 |    985,008,588.12 |
| PENDIENTE  |   240,000 |      12.00 |  2,298,948,759.68 |
+------------+-----------+------------+-------------------+
(3 rows)

+-------+-----+----------+
| anio  | mes | reservas |
+-------+-----+----------+
| 2,021 |   1 |   50,987 |
| 2,021 |   2 |   27,944 |
| 2,021 |   3 |   31,005 |
| 2,021 |   4 |   20,116 |
| 2,021 |   5 |   10,409 |
| 2,021 |   6 |   29,788 |
| 2,021 |   7 |   41,152 |
| 2,021 |   8 |   30,452 |
| 2,021 |   9 |    9,890 |
| 2,021 |  10 |   10,294 |
| 2,021 |  11 |   19,787 |
| 2,021 |  12 |   51,600 |
| 2,022 |   1 |   51,591 |
| 2,022 |   2 |   28,098 |
| 2,022 |   3 |   31,007 |
| 2,022 |   4 |   19,961 |
| 2,022 |   5 |   10,245 |
| 2,022 |   6 |   29,788 |
| 2,022 |   7 |   40,930 |
| 2,022 |   8 |   30,915 |
| 2,022 |   9 |    9,950 |
| 2,022 |  10 |   10,331 |
| 2,022 |  11 |   19,744 |
| 2,022 |  12 |   51,518 |
| 2,023 |   1 |   51,385 |
| 2,023 |   2 |   27,873 |
| 2,023 |   3 |   30,933 |
| 2,023 |   4 |   19,834 |
| 2,023 |   5 |   10,165 |
| 2,023 |   6 |   29,787 |
| 2,023 |   7 |   41,079 |
| 2,023 |   8 |   30,792 |
| 2,023 |   9 |   10,048 |
| 2,023 |  10 |   10,315 |
| 2,023 |  11 |   19,926 |
| 2,023 |  12 |   51,405 |
| 2,024 |   1 |   51,194 |
| 2,024 |   2 |   28,884 |
| 2,024 |   3 |   30,722 |
| 2,024 |   4 |   19,906 |
| 2,024 |   5 |   10,445 |
| 2,024 |   6 |   29,783 |
| 2,024 |   7 |   41,294 |
| 2,024 |   8 |   30,768 |
| 2,024 |   9 |    9,941 |
| 2,024 |  10 |   10,292 |
| 2,024 |  11 |   19,808 |
| 2,024 |  12 |   51,462 |
| 2,025 |   1 |   50,972 |
| 2,025 |   2 |   27,840 |
| 2,025 |   3 |   30,704 |
| 2,025 |   4 |   19,755 |
| 2,025 |   5 |   10,123 |
| 2,025 |   6 |   29,518 |
| 2,025 |   7 |   40,729 |
| 2,025 |   8 |   30,875 |
| 2,025 |   9 |   10,021 |
| 2,025 |  10 |   10,143 |
| 2,025 |  11 |   19,931 |
| 2,025 |  12 |   51,091 |
| 2,026 |   1 |   51,362 |
| 2,026 |   2 |   27,864 |
| 2,026 |   3 |   30,316 |
| 2,026 |   4 |   19,972 |
| 2,026 |   5 |   10,203 |
| 2,026 |   6 |   29,527 |
| 2,026 |   7 |   41,147 |
| 2,026 |   8 |   30,689 |
| 2,026 |   9 |   10,030 |
| 2,026 |  10 |   10,506 |
| 2,026 |  11 |   19,894 |
| 2,026 |  12 |   51,250 |
+-------+-----+----------+
(72 rows)

+-----------------+----------------------------+-------------------+
| noches_promedio | dias_anticipacion_promedio | personas_promedio |
+-----------------+----------------------------+-------------------+
|            7.50 |                      90.50 |              4.50 |
+-----------------+----------------------------+-------------------+
(1 row)

+----------------------------------------+-------+
|                 prueba                 | filas |
+----------------------------------------+-------+
| paquete sin hotel asociado             |     0 |
| reserva_habitacion sin tipo_habitacion |     0 |
| fecha_fin anterior a fecha_inicio      |     0 |
| reserva sin cliente                    |     0 |
| reserva_tour sin tour                  |     0 |
| reserva_habitacion sin reserva         |     0 |
+----------------------------------------+-------+
(6 rows)

+---------+-----------------+----------+--------+-------------------------+-------+----------+
| hoteles | hoteles_activos | ciudades | paises | habitaciones_publicadas | tours | paquetes |
+---------+-----------------+----------+--------+-------------------------+-------+----------+
|     200 |             194 |       31 |      7 |                  30,253 |   400 |      150 |
+---------+-----------------+----------+--------+-------------------------+-------+----------+
(1 row)

+-------------+
| tamano_base |
+-------------+
| 768 MB      |
+-------------+
(1 row)

+---------------------+-----------------+--------------+
|        tabla        | filas_estimadas | tamano_total |
+---------------------+-----------------+--------------+
| reserva             | 2,000,005       | 283 MB       |
| reserva_tour        | 2,577,212       | 274 MB       |
| reserva_habitacion  | 1,632,453       | 176 MB       |
| cliente             | 50,005          | 13 MB        |
| preferencia_cliente | 50,005          | 12 MB        |
| tipo_habitacion     | 791             | 296 kB       |
| hotel               | 200             | 120 kB       |
| tour                | 400             | 120 kB       |
+---------------------+-----------------+--------------+
(8 rows)

+-------------------------------------------------------------------------------------------------------------------------------+
|                                                       comando_sugerido                                                        |
+-------------------------------------------------------------------------------------------------------------------------------+
| sqlcmd -S TURISMODW -E -C -d TurismoDW -i 46-validacion-consistencia.sql -v ReservasOrigen=2000005 MontoOrigen=16709495659.28 |
+-------------------------------------------------------------------------------------------------------------------------------+
(1 row)

